{
 "cells": [
  {
   "cell_type": "code",
   "execution_count": 2,
   "id": "40af2b84",
   "metadata": {},
   "outputs": [],
   "source": [
    "import pandas as pd\n",
    "import matplotlib.pyplot as plt\n",
    "import seaborn as sns\n",
    "from scipy import stats\n",
    "from matplotlib import font_manager, rc"
   ]
  },
  {
   "cell_type": "code",
   "execution_count": 3,
   "id": "b6c9e833",
   "metadata": {},
   "outputs": [],
   "source": [
    "#weather = pd.read_csv('data/min_weather.csv',encoding = 'cp949')\n",
    "peach = pd.read_csv('data/year_weather_product_sedj.csv')\n",
    "#weather_copy = weather\n",
    "peach_copy= peach \n"
   ]
  },
  {
   "cell_type": "code",
   "execution_count": 4,
   "id": "68840226",
   "metadata": {},
   "outputs": [
    {
     "name": "stdout",
     "output_type": "stream",
     "text": [
      "<class 'pandas.core.frame.DataFrame'>\n",
      "RangeIndex: 131 entries, 0 to 130\n",
      "Data columns (total 16 columns):\n",
      " #   Column       Non-Null Count  Dtype  \n",
      "---  ------       --------------  -----  \n",
      " 0   Unnamed: 0   131 non-null    int64  \n",
      " 1   spot         131 non-null    object \n",
      " 2   year         131 non-null    int64  \n",
      " 3   year_temp    131 non-null    float64\n",
      " 4   winter_temp  131 non-null    float64\n",
      " 5   min_temp     131 non-null    float64\n",
      " 6   year_rain    131 non-null    float64\n",
      " 7   4_9_rain     131 non-null    float64\n",
      " 8   6_9_rain     131 non-null    float64\n",
      " 9   year_sun     131 non-null    float64\n",
      " 10  4_9_sun      131 non-null    float64\n",
      " 11  6_9_sun      131 non-null    float64\n",
      " 12  july_sun     131 non-null    float64\n",
      " 13  area         131 non-null    float64\n",
      " 14  product      131 non-null    float64\n",
      " 15  unitproduct  131 non-null    float64\n",
      "dtypes: float64(13), int64(2), object(1)\n",
      "memory usage: 16.5+ KB\n"
     ]
    }
   ],
   "source": [
    "peach_copy['spot'].value_counts()\n",
    "peach_copy.info()"
   ]
  },
  {
   "cell_type": "code",
   "execution_count": 5,
   "id": "089a7930",
   "metadata": {},
   "outputs": [
    {
     "data": {
      "text/html": [
       "<div>\n",
       "<style scoped>\n",
       "    .dataframe tbody tr th:only-of-type {\n",
       "        vertical-align: middle;\n",
       "    }\n",
       "\n",
       "    .dataframe tbody tr th {\n",
       "        vertical-align: top;\n",
       "    }\n",
       "\n",
       "    .dataframe thead th {\n",
       "        text-align: right;\n",
       "    }\n",
       "</style>\n",
       "<table border=\"1\" class=\"dataframe\">\n",
       "  <thead>\n",
       "    <tr style=\"text-align: right;\">\n",
       "      <th></th>\n",
       "      <th>Unnamed: 0</th>\n",
       "      <th>spot</th>\n",
       "      <th>year</th>\n",
       "      <th>year_temp</th>\n",
       "      <th>winter_temp</th>\n",
       "      <th>min_temp</th>\n",
       "      <th>year_rain</th>\n",
       "      <th>4_9_rain</th>\n",
       "      <th>6_9_rain</th>\n",
       "      <th>year_sun</th>\n",
       "      <th>4_9_sun</th>\n",
       "      <th>6_9_sun</th>\n",
       "      <th>july_sun</th>\n",
       "      <th>area</th>\n",
       "      <th>product</th>\n",
       "      <th>unitproduct</th>\n",
       "    </tr>\n",
       "  </thead>\n",
       "  <tbody>\n",
       "    <tr>\n",
       "      <th>0</th>\n",
       "      <td>0</td>\n",
       "      <td>daejon</td>\n",
       "      <td>2007</td>\n",
       "      <td>13.266667</td>\n",
       "      <td>5.350</td>\n",
       "      <td>-9.3</td>\n",
       "      <td>4.863611</td>\n",
       "      <td>8.279444</td>\n",
       "      <td>11.096667</td>\n",
       "      <td>5.318889</td>\n",
       "      <td>5.228889</td>\n",
       "      <td>4.036667</td>\n",
       "      <td>3.430000</td>\n",
       "      <td>371.7</td>\n",
       "      <td>5776.2</td>\n",
       "      <td>1554.0</td>\n",
       "    </tr>\n",
       "    <tr>\n",
       "      <th>1</th>\n",
       "      <td>1</td>\n",
       "      <td>daejon</td>\n",
       "      <td>2008</td>\n",
       "      <td>12.975000</td>\n",
       "      <td>3.800</td>\n",
       "      <td>-11.6</td>\n",
       "      <td>2.882222</td>\n",
       "      <td>5.033333</td>\n",
       "      <td>6.770000</td>\n",
       "      <td>5.883056</td>\n",
       "      <td>5.939444</td>\n",
       "      <td>5.265000</td>\n",
       "      <td>3.543333</td>\n",
       "      <td>318.6</td>\n",
       "      <td>6068.0</td>\n",
       "      <td>1904.6</td>\n",
       "    </tr>\n",
       "    <tr>\n",
       "      <th>2</th>\n",
       "      <td>2</td>\n",
       "      <td>daejon</td>\n",
       "      <td>2009</td>\n",
       "      <td>12.800000</td>\n",
       "      <td>4.400</td>\n",
       "      <td>-13.3</td>\n",
       "      <td>3.028889</td>\n",
       "      <td>4.831111</td>\n",
       "      <td>5.923333</td>\n",
       "      <td>6.056667</td>\n",
       "      <td>6.633333</td>\n",
       "      <td>6.030833</td>\n",
       "      <td>4.126667</td>\n",
       "      <td>325.6</td>\n",
       "      <td>6800.0</td>\n",
       "      <td>2276.0</td>\n",
       "    </tr>\n",
       "    <tr>\n",
       "      <th>3</th>\n",
       "      <td>3</td>\n",
       "      <td>daejon</td>\n",
       "      <td>2010</td>\n",
       "      <td>12.650000</td>\n",
       "      <td>3.425</td>\n",
       "      <td>-14.4</td>\n",
       "      <td>3.943611</td>\n",
       "      <td>6.231667</td>\n",
       "      <td>7.630000</td>\n",
       "      <td>5.514722</td>\n",
       "      <td>5.652222</td>\n",
       "      <td>5.128333</td>\n",
       "      <td>4.336667</td>\n",
       "      <td>317.5</td>\n",
       "      <td>5000.0</td>\n",
       "      <td>1574.8</td>\n",
       "    </tr>\n",
       "    <tr>\n",
       "      <th>4</th>\n",
       "      <td>4</td>\n",
       "      <td>daejon</td>\n",
       "      <td>2011</td>\n",
       "      <td>12.566667</td>\n",
       "      <td>2.500</td>\n",
       "      <td>-16.1</td>\n",
       "      <td>5.398333</td>\n",
       "      <td>9.577222</td>\n",
       "      <td>12.424167</td>\n",
       "      <td>5.690833</td>\n",
       "      <td>5.407222</td>\n",
       "      <td>4.804167</td>\n",
       "      <td>3.330000</td>\n",
       "      <td>314.3</td>\n",
       "      <td>5473.0</td>\n",
       "      <td>1741.3</td>\n",
       "    </tr>\n",
       "    <tr>\n",
       "      <th>...</th>\n",
       "      <td>...</td>\n",
       "      <td>...</td>\n",
       "      <td>...</td>\n",
       "      <td>...</td>\n",
       "      <td>...</td>\n",
       "      <td>...</td>\n",
       "      <td>...</td>\n",
       "      <td>...</td>\n",
       "      <td>...</td>\n",
       "      <td>...</td>\n",
       "      <td>...</td>\n",
       "      <td>...</td>\n",
       "      <td>...</td>\n",
       "      <td>...</td>\n",
       "      <td>...</td>\n",
       "      <td>...</td>\n",
       "    </tr>\n",
       "    <tr>\n",
       "      <th>126</th>\n",
       "      <td>126</td>\n",
       "      <td>sooncheon</td>\n",
       "      <td>2017</td>\n",
       "      <td>13.100000</td>\n",
       "      <td>4.675</td>\n",
       "      <td>-9.4</td>\n",
       "      <td>2.505278</td>\n",
       "      <td>4.072222</td>\n",
       "      <td>5.450000</td>\n",
       "      <td>6.706389</td>\n",
       "      <td>7.331111</td>\n",
       "      <td>6.560833</td>\n",
       "      <td>4.583333</td>\n",
       "      <td>759.0</td>\n",
       "      <td>641.0</td>\n",
       "      <td>4861.0</td>\n",
       "    </tr>\n",
       "    <tr>\n",
       "      <th>127</th>\n",
       "      <td>127</td>\n",
       "      <td>sooncheon</td>\n",
       "      <td>2018</td>\n",
       "      <td>12.675000</td>\n",
       "      <td>3.300</td>\n",
       "      <td>-12.5</td>\n",
       "      <td>4.256667</td>\n",
       "      <td>6.005556</td>\n",
       "      <td>7.132500</td>\n",
       "      <td>6.362500</td>\n",
       "      <td>6.208889</td>\n",
       "      <td>6.186667</td>\n",
       "      <td>7.053333</td>\n",
       "      <td>710.0</td>\n",
       "      <td>615.0</td>\n",
       "      <td>4364.0</td>\n",
       "    </tr>\n",
       "    <tr>\n",
       "      <th>128</th>\n",
       "      <td>128</td>\n",
       "      <td>sooncheon</td>\n",
       "      <td>2019</td>\n",
       "      <td>13.141667</td>\n",
       "      <td>5.400</td>\n",
       "      <td>-8.5</td>\n",
       "      <td>4.356111</td>\n",
       "      <td>6.700556</td>\n",
       "      <td>8.154167</td>\n",
       "      <td>6.263333</td>\n",
       "      <td>5.941667</td>\n",
       "      <td>5.274167</td>\n",
       "      <td>4.296667</td>\n",
       "      <td>780.0</td>\n",
       "      <td>793.0</td>\n",
       "      <td>6187.0</td>\n",
       "    </tr>\n",
       "    <tr>\n",
       "      <th>129</th>\n",
       "      <td>129</td>\n",
       "      <td>sooncheon</td>\n",
       "      <td>2020</td>\n",
       "      <td>13.033333</td>\n",
       "      <td>5.550</td>\n",
       "      <td>-9.3</td>\n",
       "      <td>5.294722</td>\n",
       "      <td>9.271667</td>\n",
       "      <td>12.360000</td>\n",
       "      <td>5.808056</td>\n",
       "      <td>5.411111</td>\n",
       "      <td>4.298333</td>\n",
       "      <td>1.860000</td>\n",
       "      <td>788.0</td>\n",
       "      <td>723.0</td>\n",
       "      <td>5702.0</td>\n",
       "    </tr>\n",
       "    <tr>\n",
       "      <th>130</th>\n",
       "      <td>130</td>\n",
       "      <td>sooncheon</td>\n",
       "      <td>2021</td>\n",
       "      <td>13.508333</td>\n",
       "      <td>5.350</td>\n",
       "      <td>-16.2</td>\n",
       "      <td>3.669167</td>\n",
       "      <td>5.582222</td>\n",
       "      <td>7.084167</td>\n",
       "      <td>6.009444</td>\n",
       "      <td>5.762778</td>\n",
       "      <td>5.088333</td>\n",
       "      <td>5.526667</td>\n",
       "      <td>777.0</td>\n",
       "      <td>744.0</td>\n",
       "      <td>5779.0</td>\n",
       "    </tr>\n",
       "  </tbody>\n",
       "</table>\n",
       "<p>131 rows × 16 columns</p>\n",
       "</div>"
      ],
      "text/plain": [
       "     Unnamed: 0       spot  year  year_temp  winter_temp  min_temp  year_rain   \n",
       "0             0     daejon  2007  13.266667        5.350      -9.3   4.863611  \\\n",
       "1             1     daejon  2008  12.975000        3.800     -11.6   2.882222   \n",
       "2             2     daejon  2009  12.800000        4.400     -13.3   3.028889   \n",
       "3             3     daejon  2010  12.650000        3.425     -14.4   3.943611   \n",
       "4             4     daejon  2011  12.566667        2.500     -16.1   5.398333   \n",
       "..          ...        ...   ...        ...          ...       ...        ...   \n",
       "126         126  sooncheon  2017  13.100000        4.675      -9.4   2.505278   \n",
       "127         127  sooncheon  2018  12.675000        3.300     -12.5   4.256667   \n",
       "128         128  sooncheon  2019  13.141667        5.400      -8.5   4.356111   \n",
       "129         129  sooncheon  2020  13.033333        5.550      -9.3   5.294722   \n",
       "130         130  sooncheon  2021  13.508333        5.350     -16.2   3.669167   \n",
       "\n",
       "     4_9_rain   6_9_rain  year_sun   4_9_sun   6_9_sun  july_sun   area   \n",
       "0    8.279444  11.096667  5.318889  5.228889  4.036667  3.430000  371.7  \\\n",
       "1    5.033333   6.770000  5.883056  5.939444  5.265000  3.543333  318.6   \n",
       "2    4.831111   5.923333  6.056667  6.633333  6.030833  4.126667  325.6   \n",
       "3    6.231667   7.630000  5.514722  5.652222  5.128333  4.336667  317.5   \n",
       "4    9.577222  12.424167  5.690833  5.407222  4.804167  3.330000  314.3   \n",
       "..        ...        ...       ...       ...       ...       ...    ...   \n",
       "126  4.072222   5.450000  6.706389  7.331111  6.560833  4.583333  759.0   \n",
       "127  6.005556   7.132500  6.362500  6.208889  6.186667  7.053333  710.0   \n",
       "128  6.700556   8.154167  6.263333  5.941667  5.274167  4.296667  780.0   \n",
       "129  9.271667  12.360000  5.808056  5.411111  4.298333  1.860000  788.0   \n",
       "130  5.582222   7.084167  6.009444  5.762778  5.088333  5.526667  777.0   \n",
       "\n",
       "     product  unitproduct  \n",
       "0     5776.2       1554.0  \n",
       "1     6068.0       1904.6  \n",
       "2     6800.0       2276.0  \n",
       "3     5000.0       1574.8  \n",
       "4     5473.0       1741.3  \n",
       "..       ...          ...  \n",
       "126    641.0       4861.0  \n",
       "127    615.0       4364.0  \n",
       "128    793.0       6187.0  \n",
       "129    723.0       5702.0  \n",
       "130    744.0       5779.0  \n",
       "\n",
       "[131 rows x 16 columns]"
      ]
     },
     "execution_count": 5,
     "metadata": {},
     "output_type": "execute_result"
    }
   ],
   "source": [
    "peach_copy"
   ]
  },
  {
   "cell_type": "code",
   "execution_count": 6,
   "id": "917fd3fb",
   "metadata": {
    "scrolled": false
   },
   "outputs": [
    {
     "name": "stdout",
     "output_type": "stream",
     "text": [
      "대전_full\n",
      "             Unnamed: 0      year  year_temp  winter_temp  min_temp   \n",
      "Unnamed: 0     1.000000  1.000000   0.768815     0.287338 -0.262354  \\\n",
      "year           1.000000  1.000000   0.768815     0.287338 -0.262354   \n",
      "year_temp      0.768815  0.768815   1.000000     0.714329  0.008523   \n",
      "winter_temp    0.287338  0.287338   0.714329     1.000000  0.406864   \n",
      "min_temp      -0.262354 -0.262354   0.008523     0.406864  1.000000   \n",
      "year_rain     -0.212992 -0.212992  -0.412504    -0.358680 -0.180580   \n",
      "4_9_rain      -0.262286 -0.262286  -0.465724    -0.343802 -0.152864   \n",
      "6_9_rain      -0.275158 -0.275158  -0.480375    -0.309155 -0.034713   \n",
      "year_sun       0.756036  0.756036   0.526524     0.018906 -0.182233   \n",
      "4_9_sun        0.658297  0.658297   0.511368     0.051053 -0.153766   \n",
      "6_9_sun        0.618562  0.618562   0.443597    -0.094435 -0.328344   \n",
      "july_sun       0.576541  0.576541   0.520522    -0.096863 -0.391357   \n",
      "area           0.757419  0.757419   0.699836     0.294855 -0.174117   \n",
      "product       -0.496093 -0.496093  -0.254633    -0.112521  0.268459   \n",
      "unitproduct   -0.847401 -0.847401  -0.644753    -0.253738  0.264014   \n",
      "\n",
      "             year_rain  4_9_rain  6_9_rain  year_sun   4_9_sun   6_9_sun   \n",
      "Unnamed: 0   -0.212992 -0.262286 -0.275158  0.756036  0.658297  0.618562  \\\n",
      "year         -0.212992 -0.262286 -0.275158  0.756036  0.658297  0.618562   \n",
      "year_temp    -0.412504 -0.465724 -0.480375  0.526524  0.511368  0.443597   \n",
      "winter_temp  -0.358680 -0.343802 -0.309155  0.018906  0.051053 -0.094435   \n",
      "min_temp     -0.180580 -0.152864 -0.034713 -0.182233 -0.153766 -0.328344   \n",
      "year_rain     1.000000  0.974731  0.942691 -0.466846 -0.572662 -0.564341   \n",
      "4_9_rain      0.974731  1.000000  0.984718 -0.504443 -0.626285 -0.635112   \n",
      "6_9_rain      0.942691  0.984718  1.000000 -0.502779 -0.629321 -0.665500   \n",
      "year_sun     -0.466846 -0.504443 -0.502779  1.000000  0.963420  0.899696   \n",
      "4_9_sun      -0.572662 -0.626285 -0.629321  0.963420  1.000000  0.952211   \n",
      "6_9_sun      -0.564341 -0.635112 -0.665500  0.899696  0.952211  1.000000   \n",
      "july_sun     -0.350956 -0.472119 -0.537915  0.609019  0.645136  0.767544   \n",
      "area         -0.133741 -0.132020 -0.168468  0.617864  0.548837  0.490164   \n",
      "product      -0.178156 -0.124922 -0.144088 -0.156284 -0.023577 -0.036212   \n",
      "unitproduct  -0.069494 -0.017313 -0.011075 -0.544431 -0.394923 -0.348648   \n",
      "\n",
      "             july_sun      area   product  unitproduct  \n",
      "Unnamed: 0   0.576541  0.757419 -0.496093    -0.847401  \n",
      "year         0.576541  0.757419 -0.496093    -0.847401  \n",
      "year_temp    0.520522  0.699836 -0.254633    -0.644753  \n",
      "winter_temp -0.096863  0.294855 -0.112521    -0.253738  \n",
      "min_temp    -0.391357 -0.174117  0.268459     0.264014  \n",
      "year_rain   -0.350956 -0.133741 -0.178156    -0.069494  \n",
      "4_9_rain    -0.472119 -0.132020 -0.124922    -0.017313  \n",
      "6_9_rain    -0.537915 -0.168468 -0.144088    -0.011075  \n",
      "year_sun     0.609019  0.617864 -0.156284    -0.544431  \n",
      "4_9_sun      0.645136  0.548837 -0.023577    -0.394923  \n",
      "6_9_sun      0.767544  0.490164 -0.036212    -0.348648  \n",
      "july_sun     1.000000  0.536384 -0.114218    -0.422434  \n",
      "area         0.536384  1.000000 -0.012456    -0.645442  \n",
      "product     -0.114218 -0.012456  1.000000     0.745466  \n",
      "unitproduct -0.422434 -0.645442  0.745466     1.000000  \n",
      "세종_full\n",
      "             Unnamed: 0      year  year_temp  winter_temp  min_temp   \n",
      "Unnamed: 0     1.000000  1.000000   0.655037     0.299909 -0.327369  \\\n",
      "year           1.000000  1.000000   0.655037     0.299909 -0.327369   \n",
      "year_temp      0.655037  0.655037   1.000000     0.789652  0.072066   \n",
      "winter_temp    0.299909  0.299909   0.789652     1.000000  0.367260   \n",
      "min_temp      -0.327369 -0.327369   0.072066     0.367260  1.000000   \n",
      "year_rain     -0.088475 -0.088475   0.191795    -0.022445 -0.142683   \n",
      "4_9_rain      -0.248684 -0.248684  -0.033997    -0.166457 -0.129630   \n",
      "6_9_rain      -0.269253 -0.269253  -0.000506    -0.117883 -0.013739   \n",
      "year_sun       0.566276  0.566276   0.193697    -0.117428 -0.072970   \n",
      "4_9_sun        0.537583  0.537583   0.188940    -0.062361 -0.090628   \n",
      "6_9_sun        0.528705  0.528705   0.072676    -0.212018 -0.267224   \n",
      "july_sun       0.544169  0.544169  -0.030814    -0.282175 -0.389973   \n",
      "area           0.529115  0.529115   0.399275     0.304106 -0.048830   \n",
      "product       -0.326669 -0.326669  -0.203859     0.064418  0.302879   \n",
      "unitproduct   -0.777063 -0.777063  -0.530671    -0.143032  0.355959   \n",
      "\n",
      "             year_rain  4_9_rain  6_9_rain  year_sun   4_9_sun   6_9_sun   \n",
      "Unnamed: 0   -0.088475 -0.248684 -0.269253  0.566276  0.537583  0.528705  \\\n",
      "year         -0.088475 -0.248684 -0.269253  0.566276  0.537583  0.528705   \n",
      "year_temp     0.191795 -0.033997 -0.000506  0.193697  0.188940  0.072676   \n",
      "winter_temp  -0.022445 -0.166457 -0.117883 -0.117428 -0.062361 -0.212018   \n",
      "min_temp     -0.142683 -0.129630 -0.013739 -0.072970 -0.090628 -0.267224   \n",
      "year_rain     1.000000  0.957175  0.942461 -0.475603 -0.575738 -0.580648   \n",
      "4_9_rain      0.957175  1.000000  0.985309 -0.539557 -0.652052 -0.651460   \n",
      "6_9_rain      0.942461  0.985309  1.000000 -0.543690 -0.659773 -0.683149   \n",
      "year_sun     -0.475603 -0.539557 -0.543690  1.000000  0.969641  0.911814   \n",
      "4_9_sun      -0.575738 -0.652052 -0.659773  0.969641  1.000000  0.958724   \n",
      "6_9_sun      -0.580648 -0.651460 -0.683149  0.911814  0.958724  1.000000   \n",
      "july_sun     -0.426712 -0.497605 -0.564915  0.605804  0.662772  0.770880   \n",
      "area          0.086473  0.074928  0.042899  0.255969  0.244433  0.174481   \n",
      "product       0.056996  0.201304  0.185650 -0.236269 -0.219251 -0.273024   \n",
      "unitproduct   0.042700  0.230788  0.231176 -0.533675 -0.504307 -0.504101   \n",
      "\n",
      "             july_sun      area   product  unitproduct  \n",
      "Unnamed: 0   0.544169  0.529115 -0.326669    -0.777063  \n",
      "year         0.544169  0.529115 -0.326669    -0.777063  \n",
      "year_temp   -0.030814  0.399275 -0.203859    -0.530671  \n",
      "winter_temp -0.282175  0.304106  0.064418    -0.143032  \n",
      "min_temp    -0.389973 -0.048830  0.302879     0.355959  \n",
      "year_rain   -0.426712  0.086473  0.056996     0.042700  \n",
      "4_9_rain    -0.497605  0.074928  0.201304     0.230788  \n",
      "6_9_rain    -0.564915  0.042899  0.185650     0.231176  \n",
      "year_sun     0.605804  0.255969 -0.236269    -0.533675  \n",
      "4_9_sun      0.662772  0.244433 -0.219251    -0.504307  \n",
      "6_9_sun      0.770880  0.174481 -0.273024    -0.504101  \n",
      "july_sun     1.000000  0.233727 -0.243293    -0.496358  \n",
      "area         0.233727  1.000000  0.605117     0.040874  \n",
      "product     -0.243293  0.605117  1.000000     0.814216  \n",
      "unitproduct -0.496358  0.040874  0.814216     1.000000  \n",
      "영천_full\n",
      "             Unnamed: 0      year  year_temp  winter_temp  min_temp   \n",
      "Unnamed: 0     1.000000  1.000000   0.673325     0.372299  0.151895  \\\n",
      "year           1.000000  1.000000   0.673325     0.372299  0.151895   \n",
      "year_temp      0.673325  0.673325   1.000000     0.755503  0.458271   \n",
      "winter_temp    0.372299  0.372299   0.755503     1.000000  0.740381   \n",
      "min_temp       0.151895  0.151895   0.458271     0.740381  1.000000   \n",
      "year_rain      0.189697  0.189697  -0.120376    -0.191261 -0.065126   \n",
      "4_9_rain       0.001797  0.001797  -0.269180    -0.177552 -0.020113   \n",
      "6_9_rain       0.062940  0.062940  -0.171606     0.000236  0.211750   \n",
      "year_sun       0.478184  0.478184   0.708270     0.292938  0.081838   \n",
      "4_9_sun        0.320338  0.320338   0.727006     0.431721  0.241737   \n",
      "6_9_sun        0.309383  0.309383   0.656927     0.284715  0.094916   \n",
      "july_sun       0.268814  0.268814   0.319101    -0.082126 -0.127169   \n",
      "area           0.963062  0.963062   0.777826     0.402936  0.191033   \n",
      "product        0.776388  0.776388   0.851503     0.503876  0.302279   \n",
      "unitproduct   -0.411353 -0.411353   0.072970     0.203868  0.267612   \n",
      "\n",
      "             year_rain  4_9_rain  6_9_rain  year_sun   4_9_sun   6_9_sun   \n",
      "Unnamed: 0    0.189697  0.001797  0.062940  0.478184  0.320338  0.309383  \\\n",
      "year          0.189697  0.001797  0.062940  0.478184  0.320338  0.309383   \n",
      "year_temp    -0.120376 -0.269180 -0.171606  0.708270  0.727006  0.656927   \n",
      "winter_temp  -0.191261 -0.177552  0.000236  0.292938  0.431721  0.284715   \n",
      "min_temp     -0.065126 -0.020113  0.211750  0.081838  0.241737  0.094916   \n",
      "year_rain     1.000000  0.938579  0.838603 -0.371425 -0.261244 -0.301761   \n",
      "4_9_rain      0.938579  1.000000  0.934285 -0.458021 -0.305766 -0.373333   \n",
      "6_9_rain      0.838603  0.934285  1.000000 -0.332628 -0.159756 -0.281477   \n",
      "year_sun     -0.371425 -0.458021 -0.332628  1.000000  0.916365  0.920181   \n",
      "4_9_sun      -0.261244 -0.305766 -0.159756  0.916365  1.000000  0.956296   \n",
      "6_9_sun      -0.301761 -0.373333 -0.281477  0.920181  0.956296  1.000000   \n",
      "july_sun      0.143914 -0.023924 -0.086475  0.350063  0.343758  0.443524   \n",
      "area          0.140448 -0.060072  0.002501  0.611211  0.500697  0.474024   \n",
      "product      -0.038117 -0.162484 -0.059916  0.780415  0.734870  0.701471   \n",
      "unitproduct  -0.302055 -0.141284 -0.051661  0.218138  0.355162  0.329500   \n",
      "\n",
      "             july_sun      area   product  unitproduct  \n",
      "Unnamed: 0   0.268814  0.963062  0.776388    -0.411353  \n",
      "year         0.268814  0.963062  0.776388    -0.411353  \n",
      "year_temp    0.319101  0.777826  0.851503     0.072970  \n",
      "winter_temp -0.082126  0.402936  0.503876     0.203868  \n",
      "min_temp    -0.127169  0.191033  0.302279     0.267612  \n",
      "year_rain    0.143914  0.140448 -0.038117    -0.302055  \n",
      "4_9_rain    -0.023924 -0.060072 -0.162484    -0.141284  \n",
      "6_9_rain    -0.086475  0.002501 -0.059916    -0.051661  \n",
      "year_sun     0.350063  0.611211  0.780415     0.218138  \n",
      "4_9_sun      0.343758  0.500697  0.734870     0.355162  \n",
      "6_9_sun      0.443524  0.474024  0.701471     0.329500  \n",
      "july_sun     1.000000  0.326497  0.523223     0.331851  \n",
      "area         0.326497  1.000000  0.870437    -0.320559  \n",
      "product      0.523223  0.870437  1.000000     0.180742  \n",
      "unitproduct  0.331851 -0.320559  0.180742     1.000000  \n",
      "원주_full\n",
      "             Unnamed: 0      year  year_temp  winter_temp  min_temp   \n",
      "Unnamed: 0     1.000000  1.000000   0.518632     0.293289  0.063744  \\\n",
      "year           1.000000  1.000000   0.518632     0.293289  0.063744   \n",
      "year_temp      0.518632  0.518632   1.000000     0.828377  0.590233   \n",
      "winter_temp    0.293289  0.293289   0.828377     1.000000  0.750064   \n",
      "min_temp       0.063744  0.063744   0.590233     0.750064  1.000000   \n",
      "year_rain     -0.439732 -0.439732  -0.674073    -0.555471 -0.535013   \n",
      "4_9_rain      -0.412422 -0.412422  -0.701161    -0.567051 -0.535968   \n",
      "6_9_rain      -0.450742 -0.450742  -0.722666    -0.515322 -0.469311   \n",
      "year_sun       0.717008  0.717008   0.476647     0.135451  0.116409   \n",
      "4_9_sun        0.641219  0.641219   0.610518     0.260572  0.197378   \n",
      "6_9_sun        0.596647  0.596647   0.524854     0.148200  0.083424   \n",
      "july_sun       0.589596  0.589596   0.546480     0.184897  0.009601   \n",
      "area           0.082621  0.082621   0.146371     0.267201 -0.096059   \n",
      "product       -0.384143 -0.384143   0.089537     0.400279  0.514821   \n",
      "unitproduct   -0.432023 -0.432023   0.069121     0.371912  0.585025   \n",
      "\n",
      "             year_rain  4_9_rain  6_9_rain  year_sun   4_9_sun   6_9_sun   \n",
      "Unnamed: 0   -0.439732 -0.412422 -0.450742  0.717008  0.641219  0.596647  \\\n",
      "year         -0.439732 -0.412422 -0.450742  0.717008  0.641219  0.596647   \n",
      "year_temp    -0.674073 -0.701161 -0.722666  0.476647  0.610518  0.524854   \n",
      "winter_temp  -0.555471 -0.567051 -0.515322  0.135451  0.260572  0.148200   \n",
      "min_temp     -0.535013 -0.535968 -0.469311  0.116409  0.197378  0.083424   \n",
      "year_rain     1.000000  0.994996  0.969695 -0.468305 -0.567767 -0.482701   \n",
      "4_9_rain      0.994996  1.000000  0.981648 -0.462878 -0.580550 -0.498219   \n",
      "6_9_rain      0.969695  0.981648  1.000000 -0.504615 -0.631821 -0.580756   \n",
      "year_sun     -0.468305 -0.462878 -0.504615  1.000000  0.952676  0.910651   \n",
      "4_9_sun      -0.567767 -0.580550 -0.631821  0.952676  1.000000  0.973023   \n",
      "6_9_sun      -0.482701 -0.498219 -0.580756  0.910651  0.973023  1.000000   \n",
      "july_sun     -0.425763 -0.461682 -0.586685  0.702077  0.746182  0.791952   \n",
      "area          0.109730  0.109957  0.077389 -0.272184 -0.251868 -0.191441   \n",
      "product      -0.076126 -0.069051 -0.064028 -0.503498 -0.439257 -0.411401   \n",
      "unitproduct  -0.115753 -0.109055 -0.095228 -0.486036 -0.413221 -0.396638   \n",
      "\n",
      "             july_sun      area   product  unitproduct  \n",
      "Unnamed: 0   0.589596  0.082621 -0.384143    -0.432023  \n",
      "year         0.589596  0.082621 -0.384143    -0.432023  \n",
      "year_temp    0.546480  0.146371  0.089537     0.069121  \n",
      "winter_temp  0.184897  0.267201  0.400279     0.371912  \n",
      "min_temp     0.009601 -0.096059  0.514821     0.585025  \n",
      "year_rain   -0.425763  0.109730 -0.076126    -0.115753  \n",
      "4_9_rain    -0.461682  0.109957 -0.069051    -0.109055  \n",
      "6_9_rain    -0.586685  0.077389 -0.064028    -0.095228  \n",
      "year_sun     0.702077 -0.272184 -0.503498    -0.486036  \n",
      "4_9_sun      0.746182 -0.251868 -0.439257    -0.413221  \n",
      "6_9_sun      0.791952 -0.191441 -0.411401    -0.396638  \n",
      "july_sun     1.000000  0.174619 -0.171610    -0.234827  \n",
      "area         0.174619  1.000000  0.402814     0.180673  \n",
      "product     -0.171610  0.402814  1.000000     0.971287  \n",
      "unitproduct -0.234827  0.180673  0.971287     1.000000  \n",
      "이천_full\n",
      "             Unnamed: 0      year  year_temp  winter_temp  min_temp   \n",
      "Unnamed: 0     1.000000  1.000000   0.707784     0.303334 -0.028213  \\\n",
      "year           1.000000  1.000000   0.707784     0.303334 -0.028213   \n",
      "year_temp      0.707784  0.707784   1.000000     0.815041  0.449910   \n",
      "winter_temp    0.303334  0.303334   0.815041     1.000000  0.660595   \n",
      "min_temp      -0.028213 -0.028213   0.449910     0.660595  1.000000   \n",
      "year_rain     -0.274923 -0.274923  -0.634723    -0.500537 -0.416376   \n",
      "4_9_rain      -0.295211 -0.295211  -0.634288    -0.472261 -0.385749   \n",
      "6_9_rain      -0.325666 -0.325666  -0.614744    -0.391732 -0.283542   \n",
      "year_sun       0.478880  0.478880   0.194059    -0.248984 -0.034388   \n",
      "4_9_sun        0.460880  0.460880   0.286924    -0.138749  0.031663   \n",
      "6_9_sun        0.425445  0.425445   0.204729    -0.225919 -0.076665   \n",
      "july_sun       0.529320  0.529320   0.277751    -0.136944 -0.158974   \n",
      "area          -0.327238 -0.327238  -0.128298     0.025760  0.271196   \n",
      "product       -0.533886 -0.533886  -0.042994     0.236402  0.404022   \n",
      "unitproduct   -0.552452 -0.552452  -0.021071     0.261521  0.405757   \n",
      "\n",
      "             year_rain  4_9_rain  6_9_rain  year_sun   4_9_sun   6_9_sun   \n",
      "Unnamed: 0   -0.274923 -0.295211 -0.325666  0.478880  0.460880  0.425445  \\\n",
      "year         -0.274923 -0.295211 -0.325666  0.478880  0.460880  0.425445   \n",
      "year_temp    -0.634723 -0.634288 -0.614744  0.194059  0.286924  0.204729   \n",
      "winter_temp  -0.500537 -0.472261 -0.391732 -0.248984 -0.138749 -0.225919   \n",
      "min_temp     -0.416376 -0.385749 -0.283542 -0.034388  0.031663 -0.076665   \n",
      "year_rain     1.000000  0.989587  0.951208 -0.342858 -0.498028 -0.421826   \n",
      "4_9_rain      0.989587  1.000000  0.980566 -0.370304 -0.541770 -0.484994   \n",
      "6_9_rain      0.951208  0.980566  1.000000 -0.405877 -0.577866 -0.558377   \n",
      "year_sun     -0.342858 -0.370304 -0.405877  1.000000  0.960428  0.914967   \n",
      "4_9_sun      -0.498028 -0.541770 -0.577866  0.960428  1.000000  0.967800   \n",
      "6_9_sun      -0.421826 -0.484994 -0.558377  0.914967  0.967800  1.000000   \n",
      "july_sun     -0.331811 -0.421961 -0.549454  0.606522  0.668920  0.758228   \n",
      "area          0.215996  0.233062  0.256432 -0.291233 -0.272342 -0.241142   \n",
      "product      -0.003829  0.049679  0.099114 -0.443542 -0.410337 -0.410055   \n",
      "unitproduct  -0.050918  0.006309  0.056736 -0.453605 -0.412544 -0.416198   \n",
      "\n",
      "             july_sun      area   product  unitproduct  \n",
      "Unnamed: 0   0.529320 -0.327238 -0.533886    -0.552452  \n",
      "year         0.529320 -0.327238 -0.533886    -0.552452  \n",
      "year_temp    0.277751 -0.128298 -0.042994    -0.021071  \n",
      "winter_temp -0.136944  0.025760  0.236402     0.261521  \n",
      "min_temp    -0.158974  0.271196  0.404022     0.405757  \n",
      "year_rain   -0.331811  0.215996 -0.003829    -0.050918  \n",
      "4_9_rain    -0.421961  0.233062  0.049679     0.006309  \n",
      "6_9_rain    -0.549454  0.256432  0.099114     0.056736  \n",
      "year_sun     0.606522 -0.291233 -0.443542    -0.453605  \n",
      "4_9_sun      0.668920 -0.272342 -0.410337    -0.412544  \n",
      "6_9_sun      0.758228 -0.241142 -0.410055    -0.416198  \n",
      "july_sun     1.000000 -0.305787 -0.463654    -0.474698  \n",
      "area        -0.305787  1.000000  0.834680     0.770289  \n",
      "product     -0.463654  0.834680  1.000000     0.992952  \n",
      "unitproduct -0.474698  0.770289  0.992952     1.000000  \n",
      "전주_full\n",
      "             Unnamed: 0      year  year_temp  winter_temp  min_temp   \n",
      "Unnamed: 0     1.000000  1.000000   0.541698     0.255173 -0.196745  \\\n",
      "year           1.000000  1.000000   0.541698     0.255173 -0.196745   \n",
      "year_temp      0.541698  0.541698   1.000000     0.787402 -0.011922   \n",
      "winter_temp    0.255173  0.255173   0.787402     1.000000  0.425545   \n",
      "min_temp      -0.196745 -0.196745  -0.011922     0.425545  1.000000   \n",
      "year_rain      0.023894  0.023894  -0.239357    -0.180780 -0.257725   \n",
      "4_9_rain      -0.028668 -0.028668  -0.303780    -0.180308 -0.219609   \n",
      "6_9_rain      -0.063149 -0.063149  -0.347938    -0.145525 -0.100603   \n",
      "year_sun       0.805402  0.805402   0.434056     0.107608 -0.209423   \n",
      "4_9_sun        0.680735  0.680735   0.498074     0.184061 -0.218564   \n",
      "6_9_sun        0.632870  0.632870   0.482268     0.046144 -0.394642   \n",
      "july_sun       0.493841  0.493841   0.500973    -0.093200 -0.478103   \n",
      "area           0.825587  0.825587   0.469411     0.273405  0.092181   \n",
      "product        0.542278  0.542278   0.412837     0.336578  0.209611   \n",
      "unitproduct   -0.689982 -0.689982  -0.248489    -0.034559  0.171452   \n",
      "\n",
      "             year_rain  4_9_rain  6_9_rain  year_sun   4_9_sun   6_9_sun   \n",
      "Unnamed: 0    0.023894 -0.028668 -0.063149  0.805402  0.680735  0.632870  \\\n",
      "year          0.023894 -0.028668 -0.063149  0.805402  0.680735  0.632870   \n",
      "year_temp    -0.239357 -0.303780 -0.347938  0.434056  0.498074  0.482268   \n",
      "winter_temp  -0.180780 -0.180308 -0.145525  0.107608  0.184061  0.046144   \n",
      "min_temp     -0.257725 -0.219609 -0.100603 -0.209423 -0.218564 -0.394642   \n",
      "year_rain     1.000000  0.970994  0.945769 -0.289316 -0.490148 -0.459800   \n",
      "4_9_rain      0.970994  1.000000  0.984846 -0.303014 -0.527879 -0.517391   \n",
      "6_9_rain      0.945769  0.984846  1.000000 -0.325946 -0.552501 -0.580094   \n",
      "year_sun     -0.289316 -0.303014 -0.325946  1.000000  0.937420  0.874441   \n",
      "4_9_sun      -0.490148 -0.527879 -0.552501  0.937420  1.000000  0.949490   \n",
      "6_9_sun      -0.459800 -0.517391 -0.580094  0.874441  0.949490  1.000000   \n",
      "july_sun     -0.189212 -0.326967 -0.429961  0.572992  0.607762  0.762120   \n",
      "area         -0.094764 -0.121172 -0.144073  0.738657  0.642501  0.576166   \n",
      "product       0.087206  0.129025  0.119099  0.390782  0.238968  0.182486   \n",
      "unitproduct   0.237732  0.347710  0.372310 -0.721818 -0.767019 -0.720505   \n",
      "\n",
      "             july_sun      area   product  unitproduct  \n",
      "Unnamed: 0   0.493841  0.825587  0.542278    -0.689982  \n",
      "year         0.493841  0.825587  0.542278    -0.689982  \n",
      "year_temp    0.500973  0.469411  0.412837    -0.248489  \n",
      "winter_temp -0.093200  0.273405  0.336578    -0.034559  \n",
      "min_temp    -0.478103  0.092181  0.209611     0.171452  \n",
      "year_rain   -0.189212 -0.094764  0.087206     0.237732  \n",
      "4_9_rain    -0.326967 -0.121172  0.129025     0.347710  \n",
      "6_9_rain    -0.429961 -0.144073  0.119099     0.372310  \n",
      "year_sun     0.572992  0.738657  0.390782    -0.721818  \n",
      "4_9_sun      0.607762  0.642501  0.238968    -0.767019  \n",
      "6_9_sun      0.762120  0.576166  0.182486    -0.720505  \n",
      "july_sun     1.000000  0.424750  0.197155    -0.435150  \n",
      "area         0.424750  1.000000  0.820265    -0.540406  \n",
      "product      0.197155  0.820265  1.000000     0.031625  \n",
      "unitproduct -0.435150 -0.540406  0.031625     1.000000  \n",
      "춘천_full\n",
      "             Unnamed: 0      year  year_temp  winter_temp  min_temp   \n",
      "Unnamed: 0     1.000000  1.000000   0.623769     0.237944 -0.106273  \\\n",
      "year           1.000000  1.000000   0.623769     0.237944 -0.106273   \n",
      "year_temp      0.623769  0.623769   1.000000     0.828547  0.477310   \n",
      "winter_temp    0.237944  0.237944   0.828547     1.000000  0.785789   \n",
      "min_temp      -0.106273 -0.106273   0.477310     0.785789  1.000000   \n",
      "year_rain     -0.371565 -0.371565  -0.717361    -0.527039 -0.377801   \n",
      "4_9_rain      -0.422964 -0.422964  -0.752621    -0.525470 -0.337302   \n",
      "6_9_rain      -0.460997 -0.460997  -0.743254    -0.459786 -0.231206   \n",
      "year_sun       0.828391  0.828391   0.659584     0.213746  0.039517   \n",
      "4_9_sun        0.714585  0.714585   0.684060     0.274163  0.113614   \n",
      "6_9_sun        0.659887  0.659887   0.592876     0.173085 -0.007653   \n",
      "july_sun       0.627396  0.627396   0.610218     0.258589 -0.071850   \n",
      "area           0.082621  0.082621   0.123206     0.242947 -0.013641   \n",
      "product       -0.384143 -0.384143   0.135824     0.466863  0.593520   \n",
      "unitproduct   -0.432023 -0.432023   0.119981     0.449195  0.649746   \n",
      "\n",
      "             year_rain  4_9_rain  6_9_rain  year_sun   4_9_sun   6_9_sun   \n",
      "Unnamed: 0   -0.371565 -0.422964 -0.460997  0.828391  0.714585  0.659887  \\\n",
      "year         -0.371565 -0.422964 -0.460997  0.828391  0.714585  0.659887   \n",
      "year_temp    -0.717361 -0.752621 -0.743254  0.659584  0.684060  0.592876   \n",
      "winter_temp  -0.527039 -0.525470 -0.459786  0.213746  0.274163  0.173085   \n",
      "min_temp     -0.377801 -0.337302 -0.231206  0.039517  0.113614 -0.007653   \n",
      "year_rain     1.000000  0.990014  0.951553 -0.566628 -0.639806 -0.524848   \n",
      "4_9_rain      0.990014  1.000000  0.979218 -0.609226 -0.689377 -0.589948   \n",
      "6_9_rain      0.951553  0.979218  1.000000 -0.631555 -0.721077 -0.663136   \n",
      "year_sun     -0.566628 -0.609226 -0.631555  1.000000  0.955147  0.884422   \n",
      "4_9_sun      -0.639806 -0.689377 -0.721077  0.955147  1.000000  0.958311   \n",
      "6_9_sun      -0.524848 -0.589948 -0.663136  0.884422  0.958311  1.000000   \n",
      "july_sun     -0.565918 -0.611627 -0.722530  0.634057  0.691910  0.739057   \n",
      "area         -0.016036 -0.027484 -0.096026 -0.288718 -0.246697 -0.136326   \n",
      "product      -0.032507  0.014896  0.014475 -0.334064 -0.227929 -0.194552   \n",
      "unitproduct  -0.029996  0.023780  0.041794 -0.281209 -0.169203 -0.161371   \n",
      "\n",
      "             july_sun      area   product  unitproduct  \n",
      "Unnamed: 0   0.627396  0.082621 -0.384143    -0.432023  \n",
      "year         0.627396  0.082621 -0.384143    -0.432023  \n",
      "year_temp    0.610218  0.123206  0.135824     0.119981  \n",
      "winter_temp  0.258589  0.242947  0.466863     0.449195  \n",
      "min_temp    -0.071850 -0.013641  0.593520     0.649746  \n",
      "year_rain   -0.565918 -0.016036 -0.032507    -0.029996  \n",
      "4_9_rain    -0.611627 -0.027484  0.014896     0.023780  \n",
      "6_9_rain    -0.722530 -0.096026  0.014475     0.041794  \n",
      "year_sun     0.634057 -0.288718 -0.334064    -0.281209  \n",
